1234 Б-3489 12.6 51
1234 Б-3489 12.6 51
iuy Б-3489 12.6 51
932 Б.34 12.6 51
932 Б-3489 fdgg 51
932 Б-3489 12.6 51.345
932 Б-3489 12.6 51   123 thr  
0 Б-3489 12.6 51
932 Б- 12.6 51
932 Б34890 12.6 51
932 Б-34u8 12.6 51
932 -3489 -12.6 51
245 Б-7654 0 0
932 Б-3489 0 51
932 Б-3489 12.6 -5
932 Б-3489 12.6 0
156 Б-34895 0 0
567 Б-3489 12.6 5
32 Б-3489 126 1
1024 Б-3489 13.4 123
543 Б-3489 45.61 43
156 Б-3495 1 12
674 Б-3489 12.636 22
156 Б-3895 2 24
961 Б-3489 35.65 85
974 Б-3489 9.6 76
274 Б-3489 112.6 11
123 Б-1234 74.98 11
123 Б-1234 62.98 11
274 V-3489 52.6 11